1670864831082 22.897624969482422 0
1670864831187 22.055049896240234 1
1670864831265 21.223533630371094 2
1670864831362 20.397485733032227 3
1670864831445 19.592243194580078 4
1670864831640 18.757755279541016 5
1670864831704 17.946069717407227 6
1670864831780 17.11156463623047 7
1670864831860 16.306283950805664 8
1670864831938 15.4998140335083 9
1670864832029 14.68252182006836 10
1670864832087 13.876233100891113 11
1670864832150 13.06660270690918 12
1670864832224 12.257418632507324 13
1670864832286 11.469738006591797 14
1670864832451 10.652061462402344 15
1670864832490 9.930309295654297 16
1670864832529 9.10588264465332 17
1670864832571 8.392204284667969 18
1670864832613 7.689948558807373 19
1670864832662 7.031074523925781 20
1670864832718 6.423294544219971 21
1670864832779 5.890439033508301 22
1670864832871 5.370975494384766 23
1670864832943 4.887181282043457 24
1670864833012 4.425844669342041 25
1670864833103 3.980832099914551 26
1670864833228 3.550567150115967 27
1670864833345 3.191396474838257 28
1670864833434 2.9531075954437256 29
1670864833504 2.7986671924591064 30
1670864833962 2.7071497440338135 31
1670864834052 2.604731559753418 32
1670864834129 2.5526130199432373 33
1670864834208 2.542637586593628 34
1670864834302 2.5130178928375244 35
1670864834382 2.4989399909973145 36
1670864834459 2.498957872390747 37
1670864834556 2.485180139541626 38
1670864834627 2.4779326915740967 39
1670864834693 2.501614570617676 40
1670864834761 2.477846622467041 41
1670864834833 2.4822607040405273 42
1670864834936 2.4890191555023193 43
1670864835009 2.5127511024475098 44
1670864835072 2.458085536956787 45
1670864835156 2.497439384460449 46
1670864835229 2.477673292160034 47
1670864835300 2.471376657485962 48
1670864835367 2.5040149688720703 49
1670864835439 2.529926061630249 50
1670864835506 2.552975654602051 51
1670864835572 2.5379559993743896 52
1670864835676 2.5323634147644043 53
1670864835745 2.5188493728637695 54
1670864835825 2.5153911113739014 55
1670864835905 2.477937698364258 56
1670864835977 2.4973316192626953 57
1670864836030 2.4736225605010986 58
1670864836100 2.498081922531128 59
1670864836179 2.4768617153167725 60
1670864836253 2.4597597122192383 61
1670864836316 2.487631320953369 62
1670864836379 2.477787733078003 63
1670864836447 2.4997057914733887 64
1670864836537 2.4710590839385986 65
1670864836612 2.473008632659912 66
1670864836675 2.462686061859131 67
1670864836740 2.4719789028167725 68
1670864837933 2.480273962020874 69
1670864838042 2.4859914779663086 70
1670864838122 2.501955032348633 71
1670864838231 2.473551034927368 72
1670864838303 2.471113681793213 73
1670864838400 2.4971141815185547 74
1670864838475 2.47672700881958 75
1670864838545 2.485325336456299 76
1670864838611 2.479808807373047 77
1670864838676 2.4803900718688965 78
1670864838741 2.4796364307403564 79
1670864838807 2.4825167655944824 80
1670864838877 2.49621844291687 81
1670864838943 2.5051560401916504 82
1670864839013 2.522935152053833 83
1670864839087 2.5218803882598877 84
1670864839168 2.506054401397705 85
1670864839232 2.5141396522521973 86
1670864839300 2.4839489459991455 87
1670864839378 2.4703261852264404 88
1670864839444 2.4847328662872314 89
1670864839505 2.4913251399993896 90
1670864839571 2.469557285308838 91
1670864839631 2.4936091899871826 92
1670864839694 2.5085554122924805 93
1670864839762 2.5161828994750977 94
1670864839824 2.5065157413482666 95
1670864839881 2.4994728565216064 96
1670864839953 2.462693452835083 97
1670864840020 2.466893196105957 98
1670864840085 2.506253480911255 99
