1670551188846 593.9016723632812 0
1670551188952 593.0711669921875 1
1670551189029 592.1566772460938 2
1670551189119 591.233642578125 3
1670551189190 590.4349365234375 4
1670551189317 589.5856323242188 5
1670551189352 588.7553100585938 6
1670551189392 587.9364624023438 7
1670551189470 587.0498657226562 8
1670551189518 586.269775390625 9
1670551189560 585.4413452148438 10
1670551189598 584.6532592773438 11
1670551189631 583.7506103515625 12
1670551189667 583.02294921875 13
1670551189709 582.2130737304688 14
1670551189744 581.425537109375 15
1670551189777 580.6136474609375 16
1670551189951 579.8366088867188 17
1670551190055 579.0496826171875 18
1670551190090 578.2967529296875 19
1670551190135 577.5036010742188 20
1670551190167 576.737060546875 21
1670551190209 575.9391479492188 22
1670551190248 575.2354736328125 23
1670551190287 574.4209594726562 24
1670551190327 573.6925659179688 25
1670551190362 572.968017578125 26
1670551190419 572.244873046875 27
1670551190473 571.5357055664062 28
1670551190524 570.7462158203125 29
1670551190602 569.9577026367188 30
1670551190686 569.3215942382812 31
1670551190786 568.5808715820312 32
1670551190904 567.8892822265625 33
1670551190975 567.1995239257812 34
1670551191059 566.43701171875 35
1670551191171 565.7481689453125 36
1670551191635 565.1004028320312 37
1670551191730 564.3377685546875 38
1670551191818 563.6891479492188 39
1670551191925 562.9937133789062 40
1670551192064 562.3223876953125 41
1670551192187 561.6336059570312 42
1670551192287 560.9725341796875 43
1670551192341 560.2662353515625 44
1670551192435 559.6223754882812 45
1670551192540 558.9669189453125 46
1670551192597 558.254638671875 47
1670551192684 557.6478271484375 48
1670551192777 556.98095703125 49
1670551192908 556.2916259765625 50
1670551193056 555.6883544921875 51
1670551193223 555.0072631835938 52
1670551193345 554.3997802734375 53
1670551193442 553.7493286132812 54
1670551193543 553.0801391601562 55
1670551193638 552.4866943359375 56
1670551193691 551.8460083007812 57
1670551193748 551.2230834960938 58
1670551193801 550.6036987304688 59
1670551193857 549.9747924804688 60
1670551193893 549.3711547851562 61
1670551193928 548.740234375 62
1670551193958 548.1053466796875 63
1670551193991 547.5194091796875 64
1670551194030 546.9476928710938 65
1670551194090 546.302001953125 66
1670551194163 545.7130737304688 67
1670551194193 545.1067504882812 68
1670551194230 544.5209350585938 69
1670551194263 543.9495239257812 70
1670551194306 543.3551025390625 71
1670551194342 542.7483520507812 72
1670551194377 542.1524658203125 73
1670551194419 541.6160278320312 74
1670551194465 541.0245361328125 75
1670551194510 540.4588012695312 76
1670551194562 539.8800048828125 77
1670551194612 539.3247680664062 78
1670551194660 538.74365234375 79
1670551194714 538.16064453125 80
1670551195301 537.678466796875 81
1670551195380 537.0621337890625 82
1670551195443 536.5263061523438 83
1670551195524 535.9746704101562 84
1670551195565 535.419189453125 85
1670551195609 534.8471069335938 86
1670551195646 534.3370361328125 87
1670551195688 533.7710571289062 88
1670551195729 533.2208251953125 89
1670551195770 532.716064453125 90
1670551195810 532.1625366210938 91
1670551195850 531.6183471679688 92
1670551195892 531.0812377929688 93
1670551195937 530.5889892578125 94
1670551195978 530.0189208984375 95
1670551196028 529.544921875 96
1670551196083 528.956298828125 97
1670551196135 528.4725341796875 98
1670551196177 527.934326171875 99
