1670864873997 23.167888641357422 0
1670864874108 22.43840980529785 1
1670864874196 21.656417846679688 2
1670864874293 20.734495162963867 3
1670864874371 19.59640121459961 4
1670864874527 18.08761215209961 5
1670864874605 16.166908264160156 6
1670864874695 14.051153182983398 7
1670864874778 12.07009506225586 8
1670864874853 9.735068321228027 9
1670864874935 7.175017356872559 10
1670864875020 5.17702579498291 11
1670864875112 4.850314617156982 12
1670864875429 4.500124454498291 13
1670864875520 4.043673992156982 14
1670864875601 3.7859749794006348 15
1670864875684 3.581263780593872 16
1670864875765 3.391822338104248 17
1670864875861 3.24080228805542 18
1670864875948 3.0870018005371094 19
1670864876027 2.965648889541626 20
1670864876112 2.8406786918640137 21
1670864876191 2.7378973960876465 22
1670864876273 2.6479241847991943 23
1670864876360 2.568338632583618 24
1670864876438 2.473856210708618 25
1670864876512 2.411653995513916 26
1670864876583 2.3307249546051025 27
1670864876687 2.267590045928955 28
1670864876796 2.211308002471924 29
1670864876875 2.158693790435791 30
1670864876950 2.1270956993103027 31
1670864877020 2.0915677547454834 32
1670864877088 2.0589194297790527 33
1670864877165 2.0060176849365234 34
1670864877255 1.984576940536499 35
1670864877861 1.9814271926879883 36
1670864877963 1.9434031248092651 37
1670864878036 1.9200528860092163 38
1670864878106 1.913000464439392 39
1670864878211 1.897667407989502 40
1670864878304 1.8809396028518677 41
1670864878390 1.8644410371780396 42
1670864878470 1.8574341535568237 43
1670864878540 1.8453561067581177 44
1670864878617 1.8417611122131348 45
1670864878692 1.8257908821105957 46
1670864878761 1.817777156829834 47
1670864878864 1.8186699151992798 48
1670864878936 1.8116421699523926 49
1670864879041 1.7948161363601685 50
1670864879168 1.792029619216919 51
1670864879248 1.7766207456588745 52
1670864879323 1.7737237215042114 53
1670864879416 1.769906997680664 54
1670864879493 1.7521936893463135 55
1670864879568 1.7458322048187256 56
1670864879636 1.7622333765029907 57
1670864879707 1.7407987117767334 58
1670864879792 1.7390713691711426 59
1670864879866 1.7481849193572998 60
1670864879948 1.732334852218628 61
1670864880041 1.7285301685333252 62
1670864880115 1.7203038930892944 63
1670864880200 1.7262003421783447 64
1670864880285 1.7192293405532837 65
1670864880377 1.7262678146362305 66
1670864880448 1.7020183801651 67
1670864880523 1.70021653175354 68
1670864880606 1.7087006568908691 69
1670864880698 1.7008271217346191 70
1670864880768 1.7006505727767944 71
1670864880840 1.7072818279266357 72
1670864880927 1.6833618879318237 73
1670864881005 1.6839228868484497 74
1670864881093 1.6844104528427124 75
1670864881165 1.6841480731964111 76
1670864881249 1.6707861423492432 77
1670864881335 1.6775544881820679 78
1670864881415 1.6594734191894531 79
1670864881498 1.6748608350753784 80
1670864881562 1.6751600503921509 81
1670864881629 1.6929835081100464 82
1670864881705 1.6610801219940186 83
1670864881785 1.6908342838287354 84
1670864881863 1.6824606657028198 85
1670864881943 1.6703592538833618 86
1670864882029 1.6682689189910889 87
1670864882107 1.655765414237976 88
1670864882180 1.645103096961975 89
1670864882259 1.6387879848480225 90
1670864882338 1.6383699178695679 91
1670864882409 1.6436104774475098 92
1670864882503 1.6458081007003784 93
1670864882629 1.6324361562728882 94
1670864884316 1.631098985671997 95
1670864884441 1.668303370475769 96
1670864884539 1.646129846572876 97
1670864884630 1.6336168050765991 98
1670864884704 1.6214063167572021 99
