1670551835745 22.070558547973633 0
1670551835843 21.222881317138672 1
1670551835917 20.396873474121094 2
1670551835999 19.56664276123047 3
1670551836145 18.73927116394043 4
1670551836193 17.93279266357422 5
1670551836235 17.1209774017334 6
1670551836292 16.27161979675293 7
1670551836357 15.45679759979248 8
1670551836394 14.65124225616455 9
1670551836457 13.842464447021484 10
1670551836497 13.012357711791992 11
1670551836546 12.197457313537598 12
1670551836582 11.378888130187988 13
1670551836636 10.60226821899414 14
1670551836674 9.81857967376709 15
1670551836709 9.064638137817383 16
1670551836748 8.309916496276855 17
1670551836786 7.579989433288574 18
1670551837027 6.999204158782959 19
1670551837072 6.389890193939209 20
1670551837108 5.900259494781494 21
1670551837146 5.4317169189453125 22
1670551837183 5.003951072692871 23
1670551837218 4.568453311920166 24
1670551837259 4.106909275054932 25
1670551837297 3.680358648300171 26
1670551837340 3.276710033416748 27
1670551837385 2.9905834197998047 28
1670551837430 2.792665719985962 29
1670551837476 2.688809871673584 30
1670551837512 2.609839677810669 31
1670551837552 2.550694465637207 32
1670551837589 2.5573370456695557 33
1670551837636 2.5156993865966797 34
1670551837673 2.5164878368377686 35
1670551837711 2.4990482330322266 36
1670551837749 2.4936094284057617 37
1670551837792 2.519087314605713 38
1670551837849 2.49403715133667 39
1670551837924 2.50066876411438 40
1670551837972 2.4971060752868652 41
1670551838005 2.4840097427368164 42
1670551838055 2.4790947437286377 43
1670551838089 2.4756863117218018 44
1670551838127 2.478553533554077 45
1670551838166 2.4767422676086426 46
1670551838203 2.4670608043670654 47
1670551838243 2.471808671951294 48
1670551838278 2.4858856201171875 49
1670551838315 2.4629650115966797 50
1670551838358 2.5039706230163574 51
1670551838394 2.473029851913452 52
1670551838442 2.4741156101226807 53
1670551838494 2.4700276851654053 54
1670551838540 2.4666543006896973 55
1670551838575 2.486941337585449 56
1670551838619 2.4743430614471436 57
1670551838657 2.4846765995025635 58
1670551838695 2.4846696853637695 59
1670551838735 2.4713218212127686 60
1670551839264 2.4832746982574463 61
1670551839308 2.4883053302764893 62
1670551839349 2.472137928009033 63
1670551839386 2.477079391479492 64
1670551839433 2.4806711673736572 65
1670551839476 2.5287375450134277 66
1670551839514 2.4698665142059326 67
1670551839553 2.477048873901367 68
1670551839591 2.508384943008423 69
1670551839642 2.5040953159332275 70
1670551839684 2.478663921356201 71
1670551839735 2.4790406227111816 72
1670551839775 2.467329740524292 73
1670551839832 2.4775404930114746 74
1670551839867 2.466456890106201 75
1670551839903 2.468893527984619 76
1670551839944 2.481127977371216 77
1670551839981 2.469804048538208 78
1670551840022 2.4706578254699707 79
1670551840059 2.468031167984009 80
1670551840094 2.4822590351104736 81
1670551840132 2.4748876094818115 82
1670551840168 2.4662628173828125 83
1670551840205 2.479597330093384 84
1670551840246 2.473991632461548 85
1670551840281 2.4996609687805176 86
1670551840322 2.530649185180664 87
1670551840359 2.4897022247314453 88
1670551840394 2.4760358333587646 89
1670551840432 2.4789679050445557 90
1670551840468 2.4704575538635254 91
1670551840504 2.4961047172546387 92
1670551840543 2.4853715896606445 93
1670551840580 2.4939873218536377 94
1670551840628 2.4899535179138184 95
1670551840664 2.507612943649292 96
1670551840702 2.475139617919922 97
1670551840743 2.473409652709961 98
1670551840778 2.4777495861053467 99
