1670552577091 23.19446563720703 0
1670552577159 22.599231719970703 1
1670552577197 21.977558135986328 2
1670552577235 21.271364212036133 3
1670552577269 20.380475997924805 4
1670552577322 19.23857307434082 5
1670552577434 17.756038665771484 6
1670552577466 15.841996192932129 7
1670552577499 13.437477111816406 8
1670552577537 10.695886611938477 9
1670552577569 8.054635047912598 10
1670552577602 6.641733646392822 11
1670552577643 6.138827800750732 12
1670552577680 5.318967342376709 13
1670552577726 4.643128395080566 14
1670552577772 4.032156467437744 15
1670552577810 3.473687171936035 16
1670552577851 3.140998601913452 17
1670552577885 2.8699851036071777 18
1670552577924 2.714766025543213 19
1670552577957 2.6115171909332275 20
1670552577992 2.503833293914795 21
1670552578034 2.4040071964263916 22
1670552578247 2.3354945182800293 23
1670552578280 2.251929998397827 24
1670552578323 2.194108486175537 25
1670552578363 2.116295576095581 26
1670552578407 2.0972416400909424 27
1670552578443 2.069230794906616 28
1670552578474 2.033729076385498 29
1670552578511 2.0328686237335205 30
1670552578547 1.997244954109192 31
1670552578581 1.9752802848815918 32
1670552578617 1.9717520475387573 33
1670552578657 1.967549443244934 34
1670552578690 1.9607393741607666 35
1670552578788 1.9515249729156494 36
1670552579091 1.9565058946609497 37
1670552579296 1.9441872835159302 38
1670552579423 1.9286326169967651 39
1670552579467 1.8961161375045776 40
1670552579508 1.9148141145706177 41
1670552579582 1.9214695692062378 42
1670552579617 1.8879998922348022 43
1670552579651 1.8886603116989136 44
1670552579693 1.90743887424469 45
1670552579742 1.8869549036026 46
1670552580051 1.8965797424316406 47
1670552580101 1.8513505458831787 48
1670552580140 1.8452787399291992 49
1670552580170 1.8474220037460327 50
1670552580204 1.8431223630905151 51
1670552580240 1.8439472913742065 52
1670552580273 1.8325393199920654 53
1670552580331 1.8400825262069702 54
1670552580367 1.8115884065628052 55
1670552580402 1.812650203704834 56
1670552580441 1.8198637962341309 57
1670552580477 1.8130502700805664 58
1670552580514 1.79550302028656 59
1670552580547 1.7997817993164062 60
1670552580581 1.7924481630325317 61
1670552580619 1.7913079261779785 62
1670552580672 1.7981621026992798 63
1670552580747 1.829569935798645 64
1670552580789 1.7950732707977295 65
1670552580847 1.789006233215332 66
1670552580880 1.7914515733718872 67
1670552580924 1.7999016046524048 68
1670552580958 1.7836356163024902 69
1670552580999 1.7742764949798584 70
1670552581040 1.7601197957992554 71
1670552581080 1.764670491218567 72
1670552581122 1.7556582689285278 73
1670552581159 1.7472740411758423 74
1670552581192 1.7525449991226196 75
1670552581229 1.748610258102417 76
1670552581264 1.7793904542922974 77
1670552581298 1.7573256492614746 78
1670552581339 1.7300467491149902 79
1670552581431 1.7380039691925049 80
1670552581469 1.7247178554534912 81
1670552581503 1.7538989782333374 82
1670552581539 1.7352256774902344 83
1670552581573 1.725361943244934 84
1670552581608 1.715852975845337 85
1670552581646 1.7337056398391724 86
1670552581685 1.7206151485443115 87
1670552581723 1.7102456092834473 88
1670552581781 1.7178701162338257 89
1670552581832 1.6975849866867065 90
1670552581871 1.7049633264541626 91
1670552581907 1.7104260921478271 92
1670552581946 1.6961297988891602 93
1670552581980 1.7070567607879639 94
1670552582016 1.7344579696655273 95
1670552582050 1.700081706047058 96
1670552582091 1.6900869607925415 97
1670552582136 1.7082210779190063 98
1670552582175 1.7103158235549927 99
